0000000000000000
0000000000010110
0000000000011111
0000000100011000
0000000100011011
0000000100110001
0000000100111100
0000001000001100
0000001000010001
0000001000100100
0000001000110110
0000001001000111
0000001001011101
0000001001100011
0000001010100100
0000001010100111
0000001010111101
0000001011001111
0000001011100011
0000001011110010
0000001100000111
0000001100001110
0000001100011101
0000001100110011
0000001101001101
0000001101100001
0000001101101001
0000001110000100
0000001110100100
0000001110111000
0000001111010001
0000001111110101
0000010000001001
0000010000011010
0000010000111010
0000010001001110
0000010001010110
