10100100100 101001010101010 000000000000010 10100100100 00000000000
11000001001 110000001001101 000000000001000 11000001001 00000000000
01100001101 011000001100101 010000000000000 01100001101 00000000000
10001100101 100011010100111 000000000000100 10001100101 00000000000
01100000001 011000000000100 010000000000000 01100000001 00000000000
00101110110 001011100111010 010000000000000 00101110110 00000000000
11111101101 111111001100111 001000000000000 11111101101 00000000000
00111111001 001111111001101 000000001000000 00111111001 00000000000
10011000101 100110010101101 000010000000000 10011000101 00000000000
11111100101 111111000101100 000000010000000 11111100101 00000000000
11000010010 110000110011001 000000000000000 11000010010 00000000000
00111110010 001111110011000 100000000000000 00111110010 00000000000
01011101000 010111001001000 000000000100000 01011101000 00000000000
00101011100 001010111101010 010000000000000 00101011100 00000000000
00000101101 000001011100100 000000000100000 00000101101 00000000000
01001100011 010011010010101 000010000000000 01001100011 00000000000
01010000000 010100000000010 000000000000001 01010000000 00000000000
10110101010 101101001011010 010000000000000 10110101010 00000000000
11010010110 110100100111011 000000000001000 11010010110 00000000000
00000001101 000000001100110 000000000001000 00000001101 00000000000
10101101011 101011001010110 000000000100000 10101101011 00000000000
01000000010 010000010010011 100000000000000 01000000010 00000000000
00100011101 001000101101110 000000000000000 00100011101 00000000000
00100100011 001001000010101 000010000000000 00100100011 00000000000
01011001010 010110011010011 001000000000000 01011001010 00000000000
10111110010 101111100010011 000010000000000 10111110010 00000000000
01101000001 011010010000111 000000100000000 01101000001 00000000000
01101111000 011011111001000 000001000000000 01101111000 00000000000
10111101011 101111011011110 000000001000000 10111101011 00000000000
00111000110 001110010110001 100000000000000 00111000110 00000000000
01010111100 010101101100000 000010000000000 01010111100 00000000000
01000001011 010000011011111 000000000000010 01000001011 00000000000
00110000101 001100000101100 000000000000000 00110000101 00000000000
00000111011 000001101010110 000010000000000 00000111011 00000000000
01001111110 010011101110010 000000000100000 01001111110 00000000000
01111110001 011111100001100 000001000000000 01111110001 00000000000
11101100010 111011010010000 001000000000000 11101100010 00000000000
10110011111 101100101110100 000000000000000 10110011111 00000000000
00111111000 001111111001010 000000010000000 00111111000 00000000000
11010011111 110100101110111 001000000000000 11010011111 00000000000
00001011011 000010101010111 000001000000000 00001011011 00000000000
01001001001 010010001000101 000000000000001 01001001001 00000000000
00011010111 000110110111110 000000000000010 00011010111 00000000000
11110010110 111100110110010 001000000000000 11110010110 00000000000
11011000010 110110000010011 000000100000000 11011000010 00000000000
01001110111 010011100111110 010000000000000 01001110111 00000000000
01100010010 011000110011011 100000000000000 01100010010 00000000000
00101101101 001011011101110 000001000000000 00101101101 00000000000
11100011111 111000101110110 000000000001000 11100011111 00000000000
11110000101 111100000101101 000000100000000 11110000101 00000000000
